[gd_scene load_steps=11 format=3 uid="uid://j17cai3ul10r"]

[ext_resource type="PackedScene" uid="uid://cvrx5pd67sotw" path="res://Game Aspects/finish_line.tscn" id="1_beps8"]
[ext_resource type="PackedScene" uid="uid://bd37hkqpxvoy8" path="res://Game Aspects/ground.tscn" id="1_ssbx0"]
[ext_resource type="PackedScene" uid="uid://cony25eh2s7r5" path="res://Game Aspects/player.tscn" id="2_5xluk"]
[ext_resource type="PackedScene" uid="uid://nabxmqtptrjr" path="res://Game Aspects/log.tscn" id="3_j3c3s"]
[ext_resource type="PackedScene" uid="uid://buurv000eq5jx" path="res://Game Aspects/environment.tscn" id="3_y8xgu"]
[ext_resource type="Script" path="res://Jam Scenes/Exciting Evil/Spawn_Log.gd" id="4_org70"]
[ext_resource type="PackedScene" uid="uid://rkba7etkgvan" path="res://UI/ui.tscn" id="5_o7jet"]

[sub_resource type="CylinderMesh" id="CylinderMesh_tmc32"]
height = 3.685

[sub_resource type="StandardMaterial3D" id="StandardMaterial3D_sja77"]
albedo_color = Color(0.490196, 0.254902, 0.054902, 1)

[sub_resource type="BoxShape3D" id="BoxShape3D_sqbfc"]
size = Vector3(4.71191, 5.02734, 1)

[node name="Node3D" type="Node3D"]

[node name="Decor" type="Node3D" parent="."]
transform = Transform3D(1, 0, 0, 0, 1, 0, 0, 0, 1, 0.27597, -0.37516, 0.387741)

[node name="Decor_Logs" type="Node3D" parent="Decor"]

[node name="MeshInstance3D2" type="MeshInstance3D" parent="Decor/Decor_Logs"]
transform = Transform3D(-1.21614e-08, -0.27822, 0.960517, 1, -4.37114e-08, -4.38485e-16, 4.19855e-08, 0.960517, 0.27822, -7.26361, 0.403912, -13.2702)
mesh = SubResource("CylinderMesh_tmc32")
skeleton = NodePath("../../../Log")
surface_material_override/0 = SubResource("StandardMaterial3D_sja77")

[node name="MeshInstance3D3" type="MeshInstance3D" parent="Decor/Decor_Logs"]
transform = Transform3D(-1.21614e-08, -0.27822, 0.960517, 1, -4.37114e-08, -4.38485e-16, 4.19855e-08, 0.960517, 0.27822, -7.26361, 1.36422, -13.2702)
mesh = SubResource("CylinderMesh_tmc32")
skeleton = NodePath("../../../Log")
surface_material_override/0 = SubResource("StandardMaterial3D_sja77")

[node name="MeshInstance3D4" type="MeshInstance3D" parent="Decor/Decor_Logs"]
transform = Transform3D(-1.21614e-08, -0.27822, 0.960517, 1, -4.37114e-08, -4.38485e-16, 4.19855e-08, 0.960517, 0.27822, -8.39542, 0.453285, -12.2023)
mesh = SubResource("CylinderMesh_tmc32")
skeleton = NodePath("../../../Log")
surface_material_override/0 = SubResource("StandardMaterial3D_sja77")

[node name="MeshInstance3D5" type="MeshInstance3D" parent="Decor/Decor_Logs"]
transform = Transform3D(-1.21614e-08, -0.27822, 0.960517, 1, -4.37114e-08, -4.38485e-16, 4.19855e-08, 0.960517, 0.27822, -8.27599, 1.30611, -12.8332)
mesh = SubResource("CylinderMesh_tmc32")
skeleton = NodePath("../../../Log")
surface_material_override/0 = SubResource("StandardMaterial3D_sja77")

[node name="MeshInstance3D6" type="MeshInstance3D" parent="Decor/Decor_Logs"]
transform = Transform3D(-1.21614e-08, -0.27822, 0.960517, 1, -4.37114e-08, -4.38485e-16, 4.19855e-08, 0.960517, 0.27822, -7.7574, 2.28015, -12.8332)
mesh = SubResource("CylinderMesh_tmc32")
skeleton = NodePath("../../../Log")
surface_material_override/0 = SubResource("StandardMaterial3D_sja77")

[node name="MeshInstance3D7" type="MeshInstance3D" parent="Decor/Decor_Logs"]
transform = Transform3D(-1.21614e-08, -0.27822, 0.960517, 1, -4.37114e-08, -4.38485e-16, 4.19855e-08, 0.960517, 0.27822, -6.30406, 0.228774, -12.8332)
mesh = SubResource("CylinderMesh_tmc32")
skeleton = NodePath("../../../Log")
surface_material_override/0 = SubResource("StandardMaterial3D_sja77")

[node name="MeshInstance3D8" type="MeshInstance3D" parent="Decor/Decor_Logs"]
transform = Transform3D(-4.24498e-09, -0.0971139, 0.995273, 1, -4.37114e-08, -8.7697e-16, 4.35048e-08, 0.995273, 0.0971139, -7.84336, 0.250637, -9.49194)
mesh = SubResource("CylinderMesh_tmc32")
skeleton = NodePath("../../../Log")
surface_material_override/0 = SubResource("StandardMaterial3D_sja77")

[node name="MeshInstance3D9" type="MeshInstance3D" parent="Decor/Decor_Logs"]
transform = Transform3D(-4.24498e-09, -0.0971139, 0.995273, 1, -4.37114e-08, -8.7697e-16, 4.35048e-08, 0.995273, 0.0971139, -6.80472, 0.854221, -13.8418)
mesh = SubResource("CylinderMesh_tmc32")
skeleton = NodePath("../../../Log")
surface_material_override/0 = SubResource("StandardMaterial3D_sja77")

[node name="Decor_Logs2" type="Node3D" parent="Decor"]
transform = Transform3D(0.890181, 0, 0.455607, 0, 1, 0, -0.455607, 0, 0.890181, 22.4943, 0, -10.0763)

[node name="MeshInstance3D2" type="MeshInstance3D" parent="Decor/Decor_Logs2"]
transform = Transform3D(-1.21614e-08, -0.27822, 0.960517, 1, -4.37114e-08, -4.38485e-16, 4.19855e-08, 0.960517, 0.27822, -7.26361, 0.403912, -13.2702)
mesh = SubResource("CylinderMesh_tmc32")
skeleton = NodePath("../../../Log")
surface_material_override/0 = SubResource("StandardMaterial3D_sja77")

[node name="MeshInstance3D3" type="MeshInstance3D" parent="Decor/Decor_Logs2"]
transform = Transform3D(-1.21614e-08, -0.27822, 0.960517, 1, -4.37114e-08, -4.38485e-16, 4.19855e-08, 0.960517, 0.27822, -7.26361, 1.36422, -13.2702)
mesh = SubResource("CylinderMesh_tmc32")
skeleton = NodePath("../../../Log")
surface_material_override/0 = SubResource("StandardMaterial3D_sja77")

[node name="MeshInstance3D4" type="MeshInstance3D" parent="Decor/Decor_Logs2"]
transform = Transform3D(-1.21614e-08, -0.27822, 0.960517, 1, -4.37114e-08, -4.38485e-16, 4.19855e-08, 0.960517, 0.27822, -8.39542, 0.453285, -12.2023)
mesh = SubResource("CylinderMesh_tmc32")
skeleton = NodePath("../../../Log")
surface_material_override/0 = SubResource("StandardMaterial3D_sja77")

[node name="MeshInstance3D5" type="MeshInstance3D" parent="Decor/Decor_Logs2"]
transform = Transform3D(-1.21614e-08, -0.27822, 0.960517, 1, -4.37114e-08, -4.38485e-16, 4.19855e-08, 0.960517, 0.27822, -8.27599, 1.30611, -12.8332)
mesh = SubResource("CylinderMesh_tmc32")
skeleton = NodePath("../../../Log")
surface_material_override/0 = SubResource("StandardMaterial3D_sja77")

[node name="MeshInstance3D6" type="MeshInstance3D" parent="Decor/Decor_Logs2"]
transform = Transform3D(-1.21614e-08, -0.27822, 0.960517, 1, -4.37114e-08, -4.38485e-16, 4.19855e-08, 0.960517, 0.27822, -7.7574, 2.28015, -12.8332)
mesh = SubResource("CylinderMesh_tmc32")
skeleton = NodePath("../../../Log")
surface_material_override/0 = SubResource("StandardMaterial3D_sja77")

[node name="MeshInstance3D7" type="MeshInstance3D" parent="Decor/Decor_Logs2"]
transform = Transform3D(-1.21614e-08, -0.27822, 0.960517, 1, -4.37114e-08, -4.38485e-16, 4.19855e-08, 0.960517, 0.27822, -6.30406, 0.228774, -12.8332)
mesh = SubResource("CylinderMesh_tmc32")
skeleton = NodePath("../../../Log")
surface_material_override/0 = SubResource("StandardMaterial3D_sja77")

[node name="MeshInstance3D8" type="MeshInstance3D" parent="Decor/Decor_Logs2"]
transform = Transform3D(-4.24498e-09, -0.0971139, 0.995273, 1, -4.37114e-08, -8.7697e-16, 4.35048e-08, 0.995273, 0.0971139, -7.84336, 0.250637, -9.49194)
mesh = SubResource("CylinderMesh_tmc32")
skeleton = NodePath("../../../Log")
surface_material_override/0 = SubResource("StandardMaterial3D_sja77")

[node name="MeshInstance3D9" type="MeshInstance3D" parent="Decor/Decor_Logs2"]
transform = Transform3D(-4.24498e-09, -0.0971139, 0.995273, 1, -4.37114e-08, -8.7697e-16, 4.35048e-08, 0.995273, 0.0971139, -6.80472, 0.854221, -13.8418)
mesh = SubResource("CylinderMesh_tmc32")
skeleton = NodePath("../../../Log")
surface_material_override/0 = SubResource("StandardMaterial3D_sja77")

[node name="Decor_Logs3" type="Node3D" parent="Decor"]
transform = Transform3D(0.890181, 0, 0.455607, 0, 1, 0, -0.455607, 0, 0.890181, 4.19368, 0, -32.0678)

[node name="MeshInstance3D2" type="MeshInstance3D" parent="Decor/Decor_Logs3"]
transform = Transform3D(-1.21614e-08, -0.27822, 0.960517, 1, -4.37114e-08, -4.38485e-16, 4.19855e-08, 0.960517, 0.27822, -7.26361, 0.403912, -13.2702)
mesh = SubResource("CylinderMesh_tmc32")
skeleton = NodePath("../../../Log")
surface_material_override/0 = SubResource("StandardMaterial3D_sja77")

[node name="MeshInstance3D3" type="MeshInstance3D" parent="Decor/Decor_Logs3"]
transform = Transform3D(-1.21614e-08, -0.27822, 0.960517, 1, -4.37114e-08, -4.38485e-16, 4.19855e-08, 0.960517, 0.27822, -7.26361, 1.36422, -13.2702)
mesh = SubResource("CylinderMesh_tmc32")
skeleton = NodePath("../../../Log")
surface_material_override/0 = SubResource("StandardMaterial3D_sja77")

[node name="MeshInstance3D4" type="MeshInstance3D" parent="Decor/Decor_Logs3"]
transform = Transform3D(-1.21614e-08, -0.27822, 0.960517, 1, -4.37114e-08, -4.38485e-16, 4.19855e-08, 0.960517, 0.27822, -8.39542, 0.453285, -12.2023)
mesh = SubResource("CylinderMesh_tmc32")
skeleton = NodePath("../../../Log")
surface_material_override/0 = SubResource("StandardMaterial3D_sja77")

[node name="MeshInstance3D5" type="MeshInstance3D" parent="Decor/Decor_Logs3"]
transform = Transform3D(-1.21614e-08, -0.27822, 0.960517, 1, -4.37114e-08, -4.38485e-16, 4.19855e-08, 0.960517, 0.27822, -8.27599, 1.30611, -12.8332)
mesh = SubResource("CylinderMesh_tmc32")
skeleton = NodePath("../../../Log")
surface_material_override/0 = SubResource("StandardMaterial3D_sja77")

[node name="MeshInstance3D6" type="MeshInstance3D" parent="Decor/Decor_Logs3"]
transform = Transform3D(-1.21614e-08, -0.27822, 0.960517, 1, -4.37114e-08, -4.38485e-16, 4.19855e-08, 0.960517, 0.27822, -7.7574, 2.28015, -12.8332)
mesh = SubResource("CylinderMesh_tmc32")
skeleton = NodePath("../../../Log")
surface_material_override/0 = SubResource("StandardMaterial3D_sja77")

[node name="MeshInstance3D7" type="MeshInstance3D" parent="Decor/Decor_Logs3"]
transform = Transform3D(-1.21614e-08, -0.27822, 0.960517, 1, -4.37114e-08, -4.38485e-16, 4.19855e-08, 0.960517, 0.27822, -6.30406, 0.228774, -12.8332)
mesh = SubResource("CylinderMesh_tmc32")
skeleton = NodePath("../../../Log")
surface_material_override/0 = SubResource("StandardMaterial3D_sja77")

[node name="MeshInstance3D8" type="MeshInstance3D" parent="Decor/Decor_Logs3"]
transform = Transform3D(-4.24498e-09, -0.0971139, 0.995273, 1, -4.37114e-08, -8.7697e-16, 4.35048e-08, 0.995273, 0.0971139, -7.84336, 0.250637, -9.49194)
mesh = SubResource("CylinderMesh_tmc32")
skeleton = NodePath("../../../Log")
surface_material_override/0 = SubResource("StandardMaterial3D_sja77")

[node name="MeshInstance3D9" type="MeshInstance3D" parent="Decor/Decor_Logs3"]
transform = Transform3D(-4.24498e-09, -0.0971139, 0.995273, 1, -4.37114e-08, -8.7697e-16, 4.35048e-08, 0.995273, 0.0971139, -6.80472, 0.854221, -13.8418)
mesh = SubResource("CylinderMesh_tmc32")
skeleton = NodePath("../../../Log")
surface_material_override/0 = SubResource("StandardMaterial3D_sja77")

[node name="Decor_Logs4" type="Node3D" parent="Decor"]
transform = Transform3D(1, 0, 0, 0, 1, 0, 0, 0, 1, 21.5373, 0, -28.7132)

[node name="MeshInstance3D2" type="MeshInstance3D" parent="Decor/Decor_Logs4"]
transform = Transform3D(-1.21614e-08, -0.27822, 0.960517, 1, -4.37114e-08, -4.38485e-16, 4.19855e-08, 0.960517, 0.27822, -7.26361, 0.403912, -13.2702)
mesh = SubResource("CylinderMesh_tmc32")
skeleton = NodePath("../../../Log")
surface_material_override/0 = SubResource("StandardMaterial3D_sja77")

[node name="MeshInstance3D3" type="MeshInstance3D" parent="Decor/Decor_Logs4"]
transform = Transform3D(-1.21614e-08, -0.27822, 0.960517, 1, -4.37114e-08, -4.38485e-16, 4.19855e-08, 0.960517, 0.27822, -7.26361, 1.36422, -13.2702)
mesh = SubResource("CylinderMesh_tmc32")
skeleton = NodePath("../../../Log")
surface_material_override/0 = SubResource("StandardMaterial3D_sja77")

[node name="MeshInstance3D4" type="MeshInstance3D" parent="Decor/Decor_Logs4"]
transform = Transform3D(-1.21614e-08, -0.27822, 0.960517, 1, -4.37114e-08, -4.38485e-16, 4.19855e-08, 0.960517, 0.27822, -8.39542, 0.453285, -12.2023)
mesh = SubResource("CylinderMesh_tmc32")
skeleton = NodePath("../../../Log")
surface_material_override/0 = SubResource("StandardMaterial3D_sja77")

[node name="MeshInstance3D5" type="MeshInstance3D" parent="Decor/Decor_Logs4"]
transform = Transform3D(-1.21614e-08, -0.27822, 0.960517, 1, -4.37114e-08, -4.38485e-16, 4.19855e-08, 0.960517, 0.27822, -8.27599, 1.30611, -12.8332)
mesh = SubResource("CylinderMesh_tmc32")
skeleton = NodePath("../../../Log")
surface_material_override/0 = SubResource("StandardMaterial3D_sja77")

[node name="MeshInstance3D6" type="MeshInstance3D" parent="Decor/Decor_Logs4"]
transform = Transform3D(-1.21614e-08, -0.27822, 0.960517, 1, -4.37114e-08, -4.38485e-16, 4.19855e-08, 0.960517, 0.27822, -7.7574, 2.28015, -12.8332)
mesh = SubResource("CylinderMesh_tmc32")
skeleton = NodePath("../../../Log")
surface_material_override/0 = SubResource("StandardMaterial3D_sja77")

[node name="MeshInstance3D7" type="MeshInstance3D" parent="Decor/Decor_Logs4"]
transform = Transform3D(-1.21614e-08, -0.27822, 0.960517, 1, -4.37114e-08, -4.38485e-16, 4.19855e-08, 0.960517, 0.27822, -6.30406, 0.228774, -12.8332)
mesh = SubResource("CylinderMesh_tmc32")
skeleton = NodePath("../../../Log")
surface_material_override/0 = SubResource("StandardMaterial3D_sja77")

[node name="MeshInstance3D8" type="MeshInstance3D" parent="Decor/Decor_Logs4"]
transform = Transform3D(-4.24498e-09, -0.0971139, 0.995273, 1, -4.37114e-08, -8.7697e-16, 4.35048e-08, 0.995273, 0.0971139, -7.84336, 0.250637, -9.49194)
mesh = SubResource("CylinderMesh_tmc32")
skeleton = NodePath("../../../Log")
surface_material_override/0 = SubResource("StandardMaterial3D_sja77")

[node name="MeshInstance3D9" type="MeshInstance3D" parent="Decor/Decor_Logs4"]
transform = Transform3D(-4.24498e-09, -0.0971139, 0.995273, 1, -4.37114e-08, -8.7697e-16, 4.35048e-08, 0.995273, 0.0971139, -6.80472, 0.854221, -13.8418)
mesh = SubResource("CylinderMesh_tmc32")
skeleton = NodePath("../../../Log")
surface_material_override/0 = SubResource("StandardMaterial3D_sja77")

[node name="Decor_Logs5" type="Node3D" parent="Decor"]
transform = Transform3D(0.890181, 0, 0.455607, 0, 1, 0, -0.455607, 0, 0.890181, 44.0316, 0, -38.7895)

[node name="MeshInstance3D2" type="MeshInstance3D" parent="Decor/Decor_Logs5"]
transform = Transform3D(-1.21614e-08, -0.27822, 0.960517, 1, -4.37114e-08, -4.38485e-16, 4.19855e-08, 0.960517, 0.27822, -7.26361, 0.403912, -13.2702)
mesh = SubResource("CylinderMesh_tmc32")
skeleton = NodePath("../../../Log")
surface_material_override/0 = SubResource("StandardMaterial3D_sja77")

[node name="MeshInstance3D3" type="MeshInstance3D" parent="Decor/Decor_Logs5"]
transform = Transform3D(-1.21614e-08, -0.27822, 0.960517, 1, -4.37114e-08, -4.38485e-16, 4.19855e-08, 0.960517, 0.27822, -7.26361, 1.36422, -13.2702)
mesh = SubResource("CylinderMesh_tmc32")
skeleton = NodePath("../../../Log")
surface_material_override/0 = SubResource("StandardMaterial3D_sja77")

[node name="MeshInstance3D4" type="MeshInstance3D" parent="Decor/Decor_Logs5"]
transform = Transform3D(-1.21614e-08, -0.27822, 0.960517, 1, -4.37114e-08, -4.38485e-16, 4.19855e-08, 0.960517, 0.27822, -8.39542, 0.453285, -12.2023)
mesh = SubResource("CylinderMesh_tmc32")
skeleton = NodePath("../../../Log")
surface_material_override/0 = SubResource("StandardMaterial3D_sja77")

[node name="MeshInstance3D5" type="MeshInstance3D" parent="Decor/Decor_Logs5"]
transform = Transform3D(-1.21614e-08, -0.27822, 0.960517, 1, -4.37114e-08, -4.38485e-16, 4.19855e-08, 0.960517, 0.27822, -8.27599, 1.30611, -12.8332)
mesh = SubResource("CylinderMesh_tmc32")
skeleton = NodePath("../../../Log")
surface_material_override/0 = SubResource("StandardMaterial3D_sja77")

[node name="MeshInstance3D6" type="MeshInstance3D" parent="Decor/Decor_Logs5"]
transform = Transform3D(-1.21614e-08, -0.27822, 0.960517, 1, -4.37114e-08, -4.38485e-16, 4.19855e-08, 0.960517, 0.27822, -7.7574, 2.28015, -12.8332)
mesh = SubResource("CylinderMesh_tmc32")
skeleton = NodePath("../../../Log")
surface_material_override/0 = SubResource("StandardMaterial3D_sja77")

[node name="MeshInstance3D7" type="MeshInstance3D" parent="Decor/Decor_Logs5"]
transform = Transform3D(-1.21614e-08, -0.27822, 0.960517, 1, -4.37114e-08, -4.38485e-16, 4.19855e-08, 0.960517, 0.27822, -6.30406, 0.228774, -12.8332)
mesh = SubResource("CylinderMesh_tmc32")
skeleton = NodePath("../../../Log")
surface_material_override/0 = SubResource("StandardMaterial3D_sja77")

[node name="MeshInstance3D8" type="MeshInstance3D" parent="Decor/Decor_Logs5"]
transform = Transform3D(-4.24498e-09, -0.0971139, 0.995273, 1, -4.37114e-08, -8.7697e-16, 4.35048e-08, 0.995273, 0.0971139, -7.84336, 0.250637, -9.49194)
mesh = SubResource("CylinderMesh_tmc32")
skeleton = NodePath("../../../Log")
surface_material_override/0 = SubResource("StandardMaterial3D_sja77")

[node name="MeshInstance3D9" type="MeshInstance3D" parent="Decor/Decor_Logs5"]
transform = Transform3D(-4.24498e-09, -0.0971139, 0.995273, 1, -4.37114e-08, -8.7697e-16, 4.35048e-08, 0.995273, 0.0971139, -6.80472, 0.854221, -13.8418)
mesh = SubResource("CylinderMesh_tmc32")
skeleton = NodePath("../../../Log")
surface_material_override/0 = SubResource("StandardMaterial3D_sja77")

[node name="Decor_Logs6" type="Node3D" parent="Decor"]
transform = Transform3D(0.890181, 0, 0.455607, 0, 1, 0, -0.455607, 0, 0.890181, 25.731, 0, -60.7809)

[node name="MeshInstance3D2" type="MeshInstance3D" parent="Decor/Decor_Logs6"]
transform = Transform3D(-1.21614e-08, -0.27822, 0.960517, 1, -4.37114e-08, -4.38485e-16, 4.19855e-08, 0.960517, 0.27822, -7.26361, 0.403912, -13.2702)
mesh = SubResource("CylinderMesh_tmc32")
skeleton = NodePath("../../../Log")
surface_material_override/0 = SubResource("StandardMaterial3D_sja77")

[node name="MeshInstance3D3" type="MeshInstance3D" parent="Decor/Decor_Logs6"]
transform = Transform3D(-1.21614e-08, -0.27822, 0.960517, 1, -4.37114e-08, -4.38485e-16, 4.19855e-08, 0.960517, 0.27822, -7.26361, 1.36422, -13.2702)
mesh = SubResource("CylinderMesh_tmc32")
skeleton = NodePath("../../../Log")
surface_material_override/0 = SubResource("StandardMaterial3D_sja77")

[node name="MeshInstance3D4" type="MeshInstance3D" parent="Decor/Decor_Logs6"]
transform = Transform3D(-1.21614e-08, -0.27822, 0.960517, 1, -4.37114e-08, -4.38485e-16, 4.19855e-08, 0.960517, 0.27822, -8.39542, 0.453285, -12.2023)
mesh = SubResource("CylinderMesh_tmc32")
skeleton = NodePath("../../../Log")
surface_material_override/0 = SubResource("StandardMaterial3D_sja77")

[node name="MeshInstance3D5" type="MeshInstance3D" parent="Decor/Decor_Logs6"]
transform = Transform3D(-1.21614e-08, -0.27822, 0.960517, 1, -4.37114e-08, -4.38485e-16, 4.19855e-08, 0.960517, 0.27822, -8.27599, 1.30611, -12.8332)
mesh = SubResource("CylinderMesh_tmc32")
skeleton = NodePath("../../../Log")
surface_material_override/0 = SubResource("StandardMaterial3D_sja77")

[node name="MeshInstance3D6" type="MeshInstance3D" parent="Decor/Decor_Logs6"]
transform = Transform3D(-1.21614e-08, -0.27822, 0.960517, 1, -4.37114e-08, -4.38485e-16, 4.19855e-08, 0.960517, 0.27822, -7.7574, 2.28015, -12.8332)
mesh = SubResource("CylinderMesh_tmc32")
skeleton = NodePath("../../../Log")
surface_material_override/0 = SubResource("StandardMaterial3D_sja77")

[node name="MeshInstance3D7" type="MeshInstance3D" parent="Decor/Decor_Logs6"]
transform = Transform3D(-1.21614e-08, -0.27822, 0.960517, 1, -4.37114e-08, -4.38485e-16, 4.19855e-08, 0.960517, 0.27822, -6.30406, 0.228774, -12.8332)
mesh = SubResource("CylinderMesh_tmc32")
skeleton = NodePath("../../../Log")
surface_material_override/0 = SubResource("StandardMaterial3D_sja77")

[node name="MeshInstance3D8" type="MeshInstance3D" parent="Decor/Decor_Logs6"]
transform = Transform3D(-4.24498e-09, -0.0971139, 0.995273, 1, -4.37114e-08, -8.7697e-16, 4.35048e-08, 0.995273, 0.0971139, -7.84336, 0.250637, -9.49194)
mesh = SubResource("CylinderMesh_tmc32")
skeleton = NodePath("../../../Log")
surface_material_override/0 = SubResource("StandardMaterial3D_sja77")

[node name="MeshInstance3D9" type="MeshInstance3D" parent="Decor/Decor_Logs6"]
transform = Transform3D(-4.24498e-09, -0.0971139, 0.995273, 1, -4.37114e-08, -8.7697e-16, 4.35048e-08, 0.995273, 0.0971139, -6.80472, 0.854221, -13.8418)
mesh = SubResource("CylinderMesh_tmc32")
skeleton = NodePath("../../../Log")
surface_material_override/0 = SubResource("StandardMaterial3D_sja77")

[node name="Decor_Logs7" type="Node3D" parent="Decor"]
transform = Transform3D(-0.399773, 0, 0.916614, 0, 1, 0, -0.916614, 0, -0.399773, -3.64189, 0, -75.4259)

[node name="MeshInstance3D2" type="MeshInstance3D" parent="Decor/Decor_Logs7"]
transform = Transform3D(-1.21614e-08, -0.27822, 0.960517, 1, -4.37114e-08, -4.38485e-16, 4.19855e-08, 0.960517, 0.27822, -7.26361, 0.403912, -13.2702)
mesh = SubResource("CylinderMesh_tmc32")
skeleton = NodePath("../../../Log")
surface_material_override/0 = SubResource("StandardMaterial3D_sja77")

[node name="MeshInstance3D3" type="MeshInstance3D" parent="Decor/Decor_Logs7"]
transform = Transform3D(-1.21614e-08, -0.27822, 0.960517, 1, -4.37114e-08, -4.38485e-16, 4.19855e-08, 0.960517, 0.27822, -7.26361, 1.36422, -13.2702)
mesh = SubResource("CylinderMesh_tmc32")
skeleton = NodePath("../../../Log")
surface_material_override/0 = SubResource("StandardMaterial3D_sja77")

[node name="MeshInstance3D4" type="MeshInstance3D" parent="Decor/Decor_Logs7"]
transform = Transform3D(-1.21614e-08, -0.27822, 0.960517, 1, -4.37114e-08, -4.38485e-16, 4.19855e-08, 0.960517, 0.27822, -8.39542, 0.453285, -12.2023)
mesh = SubResource("CylinderMesh_tmc32")
skeleton = NodePath("../../../Log")
surface_material_override/0 = SubResource("StandardMaterial3D_sja77")

[node name="MeshInstance3D5" type="MeshInstance3D" parent="Decor/Decor_Logs7"]
transform = Transform3D(-1.21614e-08, -0.27822, 0.960517, 1, -4.37114e-08, -4.38485e-16, 4.19855e-08, 0.960517, 0.27822, -8.27599, 1.30611, -12.8332)
mesh = SubResource("CylinderMesh_tmc32")
skeleton = NodePath("../../../Log")
surface_material_override/0 = SubResource("StandardMaterial3D_sja77")

[node name="MeshInstance3D6" type="MeshInstance3D" parent="Decor/Decor_Logs7"]
transform = Transform3D(-1.21614e-08, -0.27822, 0.960517, 1, -4.37114e-08, -4.38485e-16, 4.19855e-08, 0.960517, 0.27822, -7.7574, 2.28015, -12.8332)
mesh = SubResource("CylinderMesh_tmc32")
skeleton = NodePath("../../../Log")
surface_material_override/0 = SubResource("StandardMaterial3D_sja77")

[node name="MeshInstance3D7" type="MeshInstance3D" parent="Decor/Decor_Logs7"]
transform = Transform3D(-1.21614e-08, -0.27822, 0.960517, 1, -4.37114e-08, -4.38485e-16, 4.19855e-08, 0.960517, 0.27822, -6.30406, 0.228774, -12.8332)
mesh = SubResource("CylinderMesh_tmc32")
skeleton = NodePath("../../../Log")
surface_material_override/0 = SubResource("StandardMaterial3D_sja77")

[node name="MeshInstance3D8" type="MeshInstance3D" parent="Decor/Decor_Logs7"]
transform = Transform3D(-4.24498e-09, -0.0971139, 0.995273, 1, -4.37114e-08, -8.7697e-16, 4.35048e-08, 0.995273, 0.0971139, -7.84336, 0.250637, -9.49194)
mesh = SubResource("CylinderMesh_tmc32")
skeleton = NodePath("../../../Log")
surface_material_override/0 = SubResource("StandardMaterial3D_sja77")

[node name="MeshInstance3D9" type="MeshInstance3D" parent="Decor/Decor_Logs7"]
transform = Transform3D(-4.24498e-09, -0.0971139, 0.995273, 1, -4.37114e-08, -8.7697e-16, 4.35048e-08, 0.995273, 0.0971139, -6.80472, 0.854221, -13.8418)
mesh = SubResource("CylinderMesh_tmc32")
skeleton = NodePath("../../../Log")
surface_material_override/0 = SubResource("StandardMaterial3D_sja77")

[node name="Decor_Logs8" type="Node3D" parent="Decor"]
transform = Transform3D(-0.773486, 0, 0.633813, 0, 1, 0, -0.633813, 0, -0.773486, -21.8706, 0, -92.0163)

[node name="MeshInstance3D2" type="MeshInstance3D" parent="Decor/Decor_Logs8"]
transform = Transform3D(-1.21614e-08, -0.27822, 0.960517, 1, -4.37114e-08, -4.38485e-16, 4.19855e-08, 0.960517, 0.27822, -7.26361, 0.403912, -13.2702)
mesh = SubResource("CylinderMesh_tmc32")
skeleton = NodePath("../../../Log")
surface_material_override/0 = SubResource("StandardMaterial3D_sja77")

[node name="MeshInstance3D3" type="MeshInstance3D" parent="Decor/Decor_Logs8"]
transform = Transform3D(-1.21614e-08, -0.27822, 0.960517, 1, -4.37114e-08, -4.38485e-16, 4.19855e-08, 0.960517, 0.27822, -7.26361, 1.36422, -13.2702)
mesh = SubResource("CylinderMesh_tmc32")
skeleton = NodePath("../../../Log")
surface_material_override/0 = SubResource("StandardMaterial3D_sja77")

[node name="MeshInstance3D4" type="MeshInstance3D" parent="Decor/Decor_Logs8"]
transform = Transform3D(-1.21614e-08, -0.27822, 0.960517, 1, -4.37114e-08, -4.38485e-16, 4.19855e-08, 0.960517, 0.27822, -8.39542, 0.453285, -12.2023)
mesh = SubResource("CylinderMesh_tmc32")
skeleton = NodePath("../../../Log")
surface_material_override/0 = SubResource("StandardMaterial3D_sja77")

[node name="MeshInstance3D5" type="MeshInstance3D" parent="Decor/Decor_Logs8"]
transform = Transform3D(-1.21614e-08, -0.27822, 0.960517, 1, -4.37114e-08, -4.38485e-16, 4.19855e-08, 0.960517, 0.27822, -8.27599, 1.30611, -12.8332)
mesh = SubResource("CylinderMesh_tmc32")
skeleton = NodePath("../../../Log")
surface_material_override/0 = SubResource("StandardMaterial3D_sja77")

[node name="MeshInstance3D6" type="MeshInstance3D" parent="Decor/Decor_Logs8"]
transform = Transform3D(-1.21614e-08, -0.27822, 0.960517, 1, -4.37114e-08, -4.38485e-16, 4.19855e-08, 0.960517, 0.27822, -7.7574, 2.28015, -12.8332)
mesh = SubResource("CylinderMesh_tmc32")
skeleton = NodePath("../../../Log")
surface_material_override/0 = SubResource("StandardMaterial3D_sja77")

[node name="MeshInstance3D7" type="MeshInstance3D" parent="Decor/Decor_Logs8"]
transform = Transform3D(-1.21614e-08, -0.27822, 0.960517, 1, -4.37114e-08, -4.38485e-16, 4.19855e-08, 0.960517, 0.27822, -6.30406, 0.228774, -12.8332)
mesh = SubResource("CylinderMesh_tmc32")
skeleton = NodePath("../../../Log")
surface_material_override/0 = SubResource("StandardMaterial3D_sja77")

[node name="MeshInstance3D8" type="MeshInstance3D" parent="Decor/Decor_Logs8"]
transform = Transform3D(-4.24498e-09, -0.0971139, 0.995273, 1, -4.37114e-08, -8.7697e-16, 4.35048e-08, 0.995273, 0.0971139, -7.84336, 0.250637, -9.49194)
mesh = SubResource("CylinderMesh_tmc32")
skeleton = NodePath("../../../Log")
surface_material_override/0 = SubResource("StandardMaterial3D_sja77")

[node name="MeshInstance3D9" type="MeshInstance3D" parent="Decor/Decor_Logs8"]
transform = Transform3D(-4.24498e-09, -0.0971139, 0.995273, 1, -4.37114e-08, -8.7697e-16, 4.35048e-08, 0.995273, 0.0971139, -6.80472, 0.854221, -13.8418)
mesh = SubResource("CylinderMesh_tmc32")
skeleton = NodePath("../../../Log")
surface_material_override/0 = SubResource("StandardMaterial3D_sja77")

[node name="Decor_Logs9" type="Node3D" parent="Decor"]
transform = Transform3D(-0.773486, 0, 0.633813, 0, 1, 0, -0.633813, 0, -0.773486, -34.7122, 0, -66.4501)

[node name="MeshInstance3D2" type="MeshInstance3D" parent="Decor/Decor_Logs9"]
transform = Transform3D(-1.21614e-08, -0.27822, 0.960517, 1, -4.37114e-08, -4.38485e-16, 4.19855e-08, 0.960517, 0.27822, -7.26361, 0.403912, -13.2702)
mesh = SubResource("CylinderMesh_tmc32")
skeleton = NodePath("../../../Log")
surface_material_override/0 = SubResource("StandardMaterial3D_sja77")

[node name="MeshInstance3D3" type="MeshInstance3D" parent="Decor/Decor_Logs9"]
transform = Transform3D(-1.21614e-08, -0.27822, 0.960517, 1, -4.37114e-08, -4.38485e-16, 4.19855e-08, 0.960517, 0.27822, -7.26361, 1.36422, -13.2702)
mesh = SubResource("CylinderMesh_tmc32")
skeleton = NodePath("../../../Log")
surface_material_override/0 = SubResource("StandardMaterial3D_sja77")

[node name="MeshInstance3D4" type="MeshInstance3D" parent="Decor/Decor_Logs9"]
transform = Transform3D(-1.21614e-08, -0.27822, 0.960517, 1, -4.37114e-08, -4.38485e-16, 4.19855e-08, 0.960517, 0.27822, -8.39542, 0.453285, -12.2023)
mesh = SubResource("CylinderMesh_tmc32")
skeleton = NodePath("../../../Log")
surface_material_override/0 = SubResource("StandardMaterial3D_sja77")

[node name="MeshInstance3D5" type="MeshInstance3D" parent="Decor/Decor_Logs9"]
transform = Transform3D(-1.21614e-08, -0.27822, 0.960517, 1, -4.37114e-08, -4.38485e-16, 4.19855e-08, 0.960517, 0.27822, -8.27599, 1.30611, -12.8332)
mesh = SubResource("CylinderMesh_tmc32")
skeleton = NodePath("../../../Log")
surface_material_override/0 = SubResource("StandardMaterial3D_sja77")

[node name="MeshInstance3D6" type="MeshInstance3D" parent="Decor/Decor_Logs9"]
transform = Transform3D(-1.21614e-08, -0.27822, 0.960517, 1, -4.37114e-08, -4.38485e-16, 4.19855e-08, 0.960517, 0.27822, -7.7574, 2.28015, -12.8332)
mesh = SubResource("CylinderMesh_tmc32")
skeleton = NodePath("../../../Log")
surface_material_override/0 = SubResource("StandardMaterial3D_sja77")

[node name="MeshInstance3D7" type="MeshInstance3D" parent="Decor/Decor_Logs9"]
transform = Transform3D(-1.21614e-08, -0.27822, 0.960517, 1, -4.37114e-08, -4.38485e-16, 4.19855e-08, 0.960517, 0.27822, -6.30406, 0.228774, -12.8332)
mesh = SubResource("CylinderMesh_tmc32")
skeleton = NodePath("../../../Log")
surface_material_override/0 = SubResource("StandardMaterial3D_sja77")

[node name="MeshInstance3D8" type="MeshInstance3D" parent="Decor/Decor_Logs9"]
transform = Transform3D(-4.24498e-09, -0.0971139, 0.995273, 1, -4.37114e-08, -8.7697e-16, 4.35048e-08, 0.995273, 0.0971139, -7.84336, 0.250637, -9.49194)
mesh = SubResource("CylinderMesh_tmc32")
skeleton = NodePath("../../../Log")
surface_material_override/0 = SubResource("StandardMaterial3D_sja77")

[node name="MeshInstance3D9" type="MeshInstance3D" parent="Decor/Decor_Logs9"]
transform = Transform3D(-4.24498e-09, -0.0971139, 0.995273, 1, -4.37114e-08, -8.7697e-16, 4.35048e-08, 0.995273, 0.0971139, -6.80472, 0.854221, -13.8418)
mesh = SubResource("CylinderMesh_tmc32")
skeleton = NodePath("../../../Log")
surface_material_override/0 = SubResource("StandardMaterial3D_sja77")

[node name="Decor_Logs10" type="Node3D" parent="Decor"]
transform = Transform3D(0.843007, 0, -0.537903, 0, 1, 0, 0.537903, 0, 0.843007, 10.0491, 0, -70.9067)

[node name="MeshInstance3D2" type="MeshInstance3D" parent="Decor/Decor_Logs10"]
transform = Transform3D(-1.21614e-08, -0.27822, 0.960517, 1, -4.37114e-08, -4.38485e-16, 4.19855e-08, 0.960517, 0.27822, -7.26361, 0.403912, -13.2702)
mesh = SubResource("CylinderMesh_tmc32")
skeleton = NodePath("../../../Log")
surface_material_override/0 = SubResource("StandardMaterial3D_sja77")

[node name="MeshInstance3D3" type="MeshInstance3D" parent="Decor/Decor_Logs10"]
transform = Transform3D(-1.21614e-08, -0.27822, 0.960517, 1, -4.37114e-08, -4.38485e-16, 4.19855e-08, 0.960517, 0.27822, -7.26361, 1.36422, -13.2702)
mesh = SubResource("CylinderMesh_tmc32")
skeleton = NodePath("../../../Log")
surface_material_override/0 = SubResource("StandardMaterial3D_sja77")

[node name="MeshInstance3D4" type="MeshInstance3D" parent="Decor/Decor_Logs10"]
transform = Transform3D(-1.21614e-08, -0.27822, 0.960517, 1, -4.37114e-08, -4.38485e-16, 4.19855e-08, 0.960517, 0.27822, -8.39542, 0.453285, -12.2023)
mesh = SubResource("CylinderMesh_tmc32")
skeleton = NodePath("../../../Log")
surface_material_override/0 = SubResource("StandardMaterial3D_sja77")

[node name="MeshInstance3D5" type="MeshInstance3D" parent="Decor/Decor_Logs10"]
transform = Transform3D(-1.21614e-08, -0.27822, 0.960517, 1, -4.37114e-08, -4.38485e-16, 4.19855e-08, 0.960517, 0.27822, -8.27599, 1.30611, -12.8332)
mesh = SubResource("CylinderMesh_tmc32")
skeleton = NodePath("../../../Log")
surface_material_override/0 = SubResource("StandardMaterial3D_sja77")

[node name="MeshInstance3D6" type="MeshInstance3D" parent="Decor/Decor_Logs10"]
transform = Transform3D(-1.21614e-08, -0.27822, 0.960517, 1, -4.37114e-08, -4.38485e-16, 4.19855e-08, 0.960517, 0.27822, -7.7574, 2.28015, -12.8332)
mesh = SubResource("CylinderMesh_tmc32")
skeleton = NodePath("../../../Log")
surface_material_override/0 = SubResource("StandardMaterial3D_sja77")

[node name="MeshInstance3D7" type="MeshInstance3D" parent="Decor/Decor_Logs10"]
transform = Transform3D(-1.21614e-08, -0.27822, 0.960517, 1, -4.37114e-08, -4.38485e-16, 4.19855e-08, 0.960517, 0.27822, -6.30406, 0.228774, -12.8332)
mesh = SubResource("CylinderMesh_tmc32")
skeleton = NodePath("../../../Log")
surface_material_override/0 = SubResource("StandardMaterial3D_sja77")

[node name="MeshInstance3D8" type="MeshInstance3D" parent="Decor/Decor_Logs10"]
transform = Transform3D(-4.24498e-09, -0.0971139, 0.995273, 1, -4.37114e-08, -8.7697e-16, 4.35048e-08, 0.995273, 0.0971139, -7.84336, 0.250637, -9.49194)
mesh = SubResource("CylinderMesh_tmc32")
skeleton = NodePath("../../../Log")
surface_material_override/0 = SubResource("StandardMaterial3D_sja77")

[node name="MeshInstance3D9" type="MeshInstance3D" parent="Decor/Decor_Logs10"]
transform = Transform3D(-4.24498e-09, -0.0971139, 0.995273, 1, -4.37114e-08, -8.7697e-16, 4.35048e-08, 0.995273, 0.0971139, -6.80472, 0.854221, -13.8418)
mesh = SubResource("CylinderMesh_tmc32")
skeleton = NodePath("../../../Log")
surface_material_override/0 = SubResource("StandardMaterial3D_sja77")

[node name="Decor_Logs11" type="Node3D" parent="Decor"]
transform = Transform3D(0.995501, 0, -0.0947512, 0, 1, 0, 0.0947512, 0, 0.995501, 34.432, 0, -67.3013)

[node name="MeshInstance3D2" type="MeshInstance3D" parent="Decor/Decor_Logs11"]
transform = Transform3D(-1.21614e-08, -0.27822, 0.960517, 1, -4.37114e-08, -4.38485e-16, 4.19855e-08, 0.960517, 0.27822, -7.26361, 0.403912, -13.2702)
mesh = SubResource("CylinderMesh_tmc32")
skeleton = NodePath("../../../Log")
surface_material_override/0 = SubResource("StandardMaterial3D_sja77")

[node name="MeshInstance3D3" type="MeshInstance3D" parent="Decor/Decor_Logs11"]
transform = Transform3D(-1.21614e-08, -0.27822, 0.960517, 1, -4.37114e-08, -4.38485e-16, 4.19855e-08, 0.960517, 0.27822, -7.26361, 1.36422, -13.2702)
mesh = SubResource("CylinderMesh_tmc32")
skeleton = NodePath("../../../Log")
surface_material_override/0 = SubResource("StandardMaterial3D_sja77")

[node name="MeshInstance3D4" type="MeshInstance3D" parent="Decor/Decor_Logs11"]
transform = Transform3D(-1.21614e-08, -0.27822, 0.960517, 1, -4.37114e-08, -4.38485e-16, 4.19855e-08, 0.960517, 0.27822, -8.39542, 0.453285, -12.2023)
mesh = SubResource("CylinderMesh_tmc32")
skeleton = NodePath("../../../Log")
surface_material_override/0 = SubResource("StandardMaterial3D_sja77")

[node name="MeshInstance3D5" type="MeshInstance3D" parent="Decor/Decor_Logs11"]
transform = Transform3D(-1.21614e-08, -0.27822, 0.960517, 1, -4.37114e-08, -4.38485e-16, 4.19855e-08, 0.960517, 0.27822, -8.27599, 1.30611, -12.8332)
mesh = SubResource("CylinderMesh_tmc32")
skeleton = NodePath("../../../Log")
surface_material_override/0 = SubResource("StandardMaterial3D_sja77")

[node name="MeshInstance3D6" type="MeshInstance3D" parent="Decor/Decor_Logs11"]
transform = Transform3D(-1.21614e-08, -0.27822, 0.960517, 1, -4.37114e-08, -4.38485e-16, 4.19855e-08, 0.960517, 0.27822, -7.7574, 2.28015, -12.8332)
mesh = SubResource("CylinderMesh_tmc32")
skeleton = NodePath("../../../Log")
surface_material_override/0 = SubResource("StandardMaterial3D_sja77")

[node name="MeshInstance3D7" type="MeshInstance3D" parent="Decor/Decor_Logs11"]
transform = Transform3D(-1.21614e-08, -0.27822, 0.960517, 1, -4.37114e-08, -4.38485e-16, 4.19855e-08, 0.960517, 0.27822, -6.30406, 0.228774, -12.8332)
mesh = SubResource("CylinderMesh_tmc32")
skeleton = NodePath("../../../Log")
surface_material_override/0 = SubResource("StandardMaterial3D_sja77")

[node name="MeshInstance3D8" type="MeshInstance3D" parent="Decor/Decor_Logs11"]
transform = Transform3D(-4.24498e-09, -0.0971139, 0.995273, 1, -4.37114e-08, -8.7697e-16, 4.35048e-08, 0.995273, 0.0971139, -7.84336, 0.250637, -9.49194)
mesh = SubResource("CylinderMesh_tmc32")
skeleton = NodePath("../../../Log")
surface_material_override/0 = SubResource("StandardMaterial3D_sja77")

[node name="MeshInstance3D9" type="MeshInstance3D" parent="Decor/Decor_Logs11"]
transform = Transform3D(-4.24498e-09, -0.0971139, 0.995273, 1, -4.37114e-08, -8.7697e-16, 4.35048e-08, 0.995273, 0.0971139, -6.80472, 0.854221, -13.8418)
mesh = SubResource("CylinderMesh_tmc32")
skeleton = NodePath("../../../Log")
surface_material_override/0 = SubResource("StandardMaterial3D_sja77")

[node name="Decor_Logs12" type="Node3D" parent="Decor"]
transform = Transform3D(0.995501, 0, -0.0947512, 0, 1, 0, 0.0947512, 0, 0.995501, 30.8338, 0, -95.6842)

[node name="MeshInstance3D2" type="MeshInstance3D" parent="Decor/Decor_Logs12"]
transform = Transform3D(-1.21614e-08, -0.27822, 0.960517, 1, -4.37114e-08, -4.38485e-16, 4.19855e-08, 0.960517, 0.27822, -7.26361, 0.403912, -13.2702)
mesh = SubResource("CylinderMesh_tmc32")
skeleton = NodePath("../../../Log")
surface_material_override/0 = SubResource("StandardMaterial3D_sja77")

[node name="MeshInstance3D3" type="MeshInstance3D" parent="Decor/Decor_Logs12"]
transform = Transform3D(-1.21614e-08, -0.27822, 0.960517, 1, -4.37114e-08, -4.38485e-16, 4.19855e-08, 0.960517, 0.27822, -7.26361, 1.36422, -13.2702)
mesh = SubResource("CylinderMesh_tmc32")
skeleton = NodePath("../../../Log")
surface_material_override/0 = SubResource("StandardMaterial3D_sja77")

[node name="MeshInstance3D4" type="MeshInstance3D" parent="Decor/Decor_Logs12"]
transform = Transform3D(-1.21614e-08, -0.27822, 0.960517, 1, -4.37114e-08, -4.38485e-16, 4.19855e-08, 0.960517, 0.27822, -8.39542, 0.453285, -12.2023)
mesh = SubResource("CylinderMesh_tmc32")
skeleton = NodePath("../../../Log")
surface_material_override/0 = SubResource("StandardMaterial3D_sja77")

[node name="MeshInstance3D5" type="MeshInstance3D" parent="Decor/Decor_Logs12"]
transform = Transform3D(-1.21614e-08, -0.27822, 0.960517, 1, -4.37114e-08, -4.38485e-16, 4.19855e-08, 0.960517, 0.27822, -8.27599, 1.30611, -12.8332)
mesh = SubResource("CylinderMesh_tmc32")
skeleton = NodePath("../../../Log")
surface_material_override/0 = SubResource("StandardMaterial3D_sja77")

[node name="MeshInstance3D6" type="MeshInstance3D" parent="Decor/Decor_Logs12"]
transform = Transform3D(-1.21614e-08, -0.27822, 0.960517, 1, -4.37114e-08, -4.38485e-16, 4.19855e-08, 0.960517, 0.27822, -7.7574, 2.28015, -12.8332)
mesh = SubResource("CylinderMesh_tmc32")
skeleton = NodePath("../../../Log")
surface_material_override/0 = SubResource("StandardMaterial3D_sja77")

[node name="MeshInstance3D7" type="MeshInstance3D" parent="Decor/Decor_Logs12"]
transform = Transform3D(-1.21614e-08, -0.27822, 0.960517, 1, -4.37114e-08, -4.38485e-16, 4.19855e-08, 0.960517, 0.27822, -6.30406, 0.228774, -12.8332)
mesh = SubResource("CylinderMesh_tmc32")
skeleton = NodePath("../../../Log")
surface_material_override/0 = SubResource("StandardMaterial3D_sja77")

[node name="MeshInstance3D8" type="MeshInstance3D" parent="Decor/Decor_Logs12"]
transform = Transform3D(-4.24498e-09, -0.0971139, 0.995273, 1, -4.37114e-08, -8.7697e-16, 4.35048e-08, 0.995273, 0.0971139, -7.84336, 0.250637, -9.49194)
mesh = SubResource("CylinderMesh_tmc32")
skeleton = NodePath("../../../Log")
surface_material_override/0 = SubResource("StandardMaterial3D_sja77")

[node name="MeshInstance3D9" type="MeshInstance3D" parent="Decor/Decor_Logs12"]
transform = Transform3D(-4.24498e-09, -0.0971139, 0.995273, 1, -4.37114e-08, -8.7697e-16, 4.35048e-08, 0.995273, 0.0971139, -6.80472, 0.854221, -13.8418)
mesh = SubResource("CylinderMesh_tmc32")
skeleton = NodePath("../../../Log")
surface_material_override/0 = SubResource("StandardMaterial3D_sja77")

[node name="Decor_Logs13" type="Node3D" parent="Decor"]
transform = Transform3D(1, 0, 0, 0, 1, 0, 0, 0, 1, 0, 0, -105.64)

[node name="MeshInstance3D2" type="MeshInstance3D" parent="Decor/Decor_Logs13"]
transform = Transform3D(-1.21614e-08, -0.27822, 0.960517, 1, -4.37114e-08, -4.38485e-16, 4.19855e-08, 0.960517, 0.27822, -7.26361, 0.403912, -13.2702)
mesh = SubResource("CylinderMesh_tmc32")
skeleton = NodePath("../../../Log")
surface_material_override/0 = SubResource("StandardMaterial3D_sja77")

[node name="MeshInstance3D3" type="MeshInstance3D" parent="Decor/Decor_Logs13"]
